4
8
-0,7154857
0,7994038
1,445838
0,7922949
-0,1932793
-0,4847304
-0,1413605
-0,5608661
-1,441934
0,9247721
1,085263
0,0403191
1,738046
-0,1366671
-0,03508933
1,145758
-0,1747275
-1,349592
0,4649751
1,456566
-0,13935
0,3070621
-0,3674855
-1,405734
-0,6126082
-0,763564
0,302954
0,7014964
-0,1339441
0,8728259
-0,03790024
-1,25166
1
8
2,15442
0,02382806
1,283099
-0,4158275
-0,4868858
-0,4475932
1,347938
1,563633
8
2
0,03076579
-0,2122412
0,1208789
-0,2255962
-0,3505609
-0,1197797
-0,2787326
0,7884697
-1,887806
2,237746
0,4080512
0,1268093
-1,542478
-2,726323
0,1688713
0,2428682
2
0,5056491
-1,042503
