6
8
-3,607838
-0,3418786
-3,679682
-0,4069077
5,907389
-1,363337
3,526091
2,501671
-0,7772791
0,2575899
0,6313493
0,2317394
-1,560399
-3,191682
0,231988
-1,636353
-6,399651
0,356747
-1,264028
6,743245
-2,536637
2,018995
-1,514863
1,645729
-3,885127
-7,531251
2,370703
-0,1233556
4,521067
2,082695
-1,915451
-5,211196
4,172937
-0,009126142
0,3825193
-0,000925675
1,772674
6,474697
-3,454763
0,3362705
-5,289964
-0,01099424
-2,133369
0,08050075
4,321828
-5,067173
-0,243238
-1,235749
1
8
-0,6284851
0,08615545
-1,901159
-0,1334253
-3,61835
-1,167413
-2,695413
1,119982
8
2
-0,3467146
1,828056
-7,735315
0,9411161
-0,1564924
-1,390898
2,341323
-9,976826
0,2753501
-0,3004581
1,724143
-0,7689809
-0,7764376
-0,8968508
-0,787047
-2,395631
2
-0,1464163
-2,035879
