4
8
0,6072435
1,048072
0,2578831
-0,6665164
0,9582994
-0,2148554
0,4280421
-0,4394911
0,0009027645
0,289759
-0,1685991
0,02251418
0,7379168
-1,968668
0,2449596
0,2729792
1,290795
-0,8407426
-0,7166567
-0,898846
0,009660803
-0,6499494
-0,1798616
1,025783
0,1290102
0,3877657
-0,09350371
0,01168039
-0,3901861
0,03911012
1,130952
0,7949556
1
8
-0,9133508
-0,5497186
-0,3085513
1,008663
-0,7197401
-1,314762
-0,4461702
0,9518875
8
3
0,3305997
-0,1510461
0,3718677
-1,629131
-0,2405118
-0,815745
-1,169794
-1,881691
-0,2939912
-0,389497
0,2577134
0,2745439
-1,573911
-1,200202
0,7383593
0,8699252
-0,2493382
0,4637994
-0,2532489
-0,06417421
0,59854
-0,2584006
0,8328264
-0,05322213
3
0,8403641
-0,7481108
0,4550575
